Webots Project File version R2023b
perspectives: 000000ff00000000fd0000000200000001000002d4000002fcfc0200000001fb0000001400540065007800740045006400690074006f00720100000016000002fc0000008900ffffff0000000300000738000000cefc0100000001fb0000001a0043006f006e0073006f006c00650041006c006c0041006c006c0100000000000007380000006900ffffff00000462000002fc00000001000000020000000100000008fc00000000
simulationViewPerspectives: 000000ff0000000100000002000001b00000025d0100000002010000000100
sceneTreePerspectives: 000000ff00000001000000030000001c000000c0000000fa0100000002010000000200
maximizedDockId: -1
centralWidgetVisible: 1
projectionMode: PERSPECTIVE
orthographicViewHeight: 2.35795
textFiles: 4 "ball_following_controller.py" "controllers/ball_following_controller/pid_controller.py" "pathplanner.py" "controller.py" "controllers/ball_following_controller/gate_following_controller.py"
consoles: Console:All:All
renderingDevicePerspectives: Crazyflie:camera;1;1.04321;0;0
