Webots Project File version R2023b
perspectives: 000000ff00000000fd00000002000000010000037b00000296fc0200000001fb0000001400540065007800740045006400690074006f00720000000016000002960000003f00ffffff000000030000073800000174fc0100000001fb0000001a0043006f006e0073006f006c00650041006c006c0041006c006c0100000000000007380000006900ffffff000007380000025600000001000000020000000100000008fc00000000
simulationViewPerspectives: 000000ff0000000100000002000001b90000045f0100000002010000000100
sceneTreePerspectives: 000000ff00000001000000030000001c0000013b000000fa0100000002010000000200
maximizedDockId: -1
centralWidgetVisible: 1
orthographicViewHeight: 1
textFiles: -1
consoles: Console:All:All
renderingDevicePerspectives: Crazyflie:camera;1;0.969136;0;0
renderingDevicePerspectives: Crazyflie:range-finder;1;0.190476;0;0
