Webots Project File version R2023b
perspectives: 000000ff00000000fd00000002000000010000037b00000296fc0200000001fb0000001400540065007800740045006400690074006f00720000000016000002960000008800ffffff000000030000073800000122fc0100000001fb0000001a0043006f006e0073006f006c00650041006c006c0041006c006c0100000000000007380000006900ffffff00000738000002a800000001000000020000000100000008fc00000000
simulationViewPerspectives: 000000ff0000000100000002000001b90000045f0100000002010000000100
sceneTreePerspectives: 000000ff00000001000000030000001c000000c0000000fa0100000002010000000200
maximizedDockId: -1
centralWidgetVisible: 1
orthographicViewHeight: 1
textFiles: 0 "worlds/gatefollowing.wbt"
consoles: Console:All:All
renderingDevicePerspectives: Crazyflie:camera;1;0.904321;0;0
renderingDevicePerspectives: Crazyflie:range-finder;1;0.190476;0;0
