Webots Project File version R2023b
perspectives: 000000ff00000000fd00000002000000010000037b000002cbfc0200000001fb0000001400540065007800740045006400690074006f00720000000016000002cb0000003f00ffffff00000003000004f400000039fc0100000001fb0000001a0043006f006e0073006f006c00650041006c006c0041006c006c0100000000000004f40000006900ffffff000004f40000017800000001000000020000000100000008fc00000000
simulationViewPerspectives: 000000ff0000000100000002000001b90000045f0100000002010000000100
sceneTreePerspectives: 000000ff00000001000000030000001c0000020c000000000100000002010000000200
maximizedDockId: -1
centralWidgetVisible: 1
orthographicViewHeight: 1
textFiles: -1
consoles: Console:All:All
renderingDevicePerspectives: Crazyflie:camera;1;0.988095;0;0
renderingDevicePerspectives: Crazyflie:range-finder;1;0.190476;0;0
